=====index = 0=====
newton_parameter_x = 
[0 
0 
0]
tmp_newton_parameter_x = 
[3.0238533934865695 
4.906190263863799 
-0.2314017560877133]
MatrixSub() = 
[3.0238533934865695 
4.906190263863799 
-0.2314017560877133]
error_try = 5.767836598175494
EPSILON = 1e-14
input_file = ./testfile.txt
poly_num   = 3
lamb       = 10000.0
b = 
[51.76405234596766 
45.42306433039972 
41.274448104888755 
26.636216497466364 
20.256806057008426 
11.618429243797276 
10.450525068812203 
1.8480982318414874 
-1.0405349639051173 
-4.614630798757861 
-1.3871977310902517 
-1.9916444039966117 
-0.912924608376358 
6.63482003068499 
9.546867459016372 
15.72016146597016 
20.62251683859554 
33.48059725819715 
40.76391965675495 
66.8997605629381 
78.44316465660981 
86.99156782355371 
99.78725971978604]
design_matrix = 
[25.0 -5.0 1.0 
 23.00083298625573 -4.795918367346939 1.0 
 21.084964598084134 -4.591836734693878 1.0 
 15.837151187005416 -3.979591836734694 1.0 
 12.755102040816325 -3.571428571428571 1.0 
 8.756768013327779 -2.9591836734693877 1.0 
 7.590587255310286 -2.7551020408163263 1.0 
 3.0091628488129945 -1.7346938775510203 1.0 
 1.7596834652228237 -1.3265306122448979 1.0 
 0.8433985839233651 -0.9183673469387754 1.0 
 0.5102040816326533 -0.7142857142857144 1.0 
 0.09371095376926261 -0.3061224489795915 1.0 
 0.010412328196584735 0.1020408163265305 1.0 
 0.5102040816326533 0.7142857142857144 1.0 
 1.2598917117867567 1.1224489795918373 1.0 
 3.0091628488129945 1.7346938775510203 1.0 
 3.758850478967096 1.9387755102040813 1.0 
 6.507705122865472 2.5510204081632653 1.0 
 8.756768013327783 2.959183673469388 1.0 
 15.837151187005423 3.979591836734695 1.0 
 19.25239483548522 4.387755102040817 1.0 
 21.084964598084134 4.591836734693878 1.0 
 25.0 5.0 1.0]
raw data = 
-5.0,51.76405234596766
-4.795918367346939,45.42306433039972
-4.591836734693878,41.274448104888755
-3.979591836734694,26.636216497466364
-3.571428571428571,20.256806057008426
-2.9591836734693877,11.618429243797276
-2.7551020408163263,10.450525068812203
-1.7346938775510203,1.8480982318414874
-1.3265306122448979,-1.0405349639051173
-0.9183673469387754,-4.614630798757861
-0.7142857142857144,-1.3871977310902517
-0.3061224489795915,-1.9916444039966117
0.1020408163265305,-0.912924608376358
0.7142857142857144,6.63482003068499
1.1224489795918373,9.546867459016372
1.7346938775510203,15.72016146597016
1.9387755102040813,20.62251683859554
2.5510204081632653,33.48059725819715
2.959183673469388,40.76391965675495
3.979591836734695,66.8997605629381
4.387755102040817,78.44316465660981
4.591836734693878,86.99156782355371
5.0,99.78725971978604
====================
Mul test:
test_A = 
[1 2 3 
 4 5 6 
 2 6 6 
 1 2 1]
test_B = 
[1 3 
 7 9 
 13 0]
matrix_c = 
[54 21 
 117 57 
 122 60 
 28 21]
====================
Add test:
test_A = 
[1 2 3 
 4 5 6 
 2 6 6]
test_B = 
[1 3 99 
 7 9 1 
 13 0 7]
matrix_c = 
[2 5 102 
 11 14 7 
 15 6 13]
====================
Sub test:
test_A = 
[1 2 3 
 4 5 6 
 2 6 6]
test_B = 
[1 3 99 
 7 9 1 
 4 88 21]
matrix_c = 
[0 -1 -96 
 -3 -4 5 
 -2 -82 -15]
====================
Transpose test:
test_B = 
[1 3 99 
 7 9 1]
matrix_c = 
[1 7 
 3 9 
 99 1]
====================
Identity test:
matrix_c = 
[20 0 0 0 0 
 0 20 0 0 0 
 0 0 20 0 0 
 0 0 0 20 0 
 0 0 0 0 20]
====================
Inverse test:
test_A = 
[1 2 3 
 4 5 6 
 2 6 6]
test_B = 
[1 3 99 
 7 9 1 
 4 88 21]
test_A_inv = 
[-0.4999999999999999 0.5 -0.25000000000000006 
 -0.9999999999999999 -7.93016446160826e-18 0.5 
 1.1666666666666665 -0.16666666666666666 -0.24999999999999997]
test_B_inv = 
[0.0017690744762838921 0.15149232817207317 -0.015553842920198976 
 -0.002504729208996006 -0.0065683458277867295 0.01212078750087578 
 0.01015904154697681 -0.0013311847544314438 -0.00021018706648917536]
====================
MatrixMulScalar test:
test_A = 
[1 2 3 
 4 5 6 
 2 6 6]
matrix_c = 
[20 40 60 
 80 100 120 
 40 120 120]
====================
lse_parameter_x = 
[0.8345332827002858 
0.09314819831918815 
0.04695069927346927]
====================
error_result_lse = 
[22649.738493024153]
error_val_lse = 22649.738493024153
====================
newton_parameter_x = 
[3.0238533934865703 
4.9061902638638 
-0.23140175608771116]
====================
error_result_newton = 
[26.55995949933307]
error_val_newton = 26.55995949933307
